-1.000000 3.805003 6.456358 9.831688 13.251378 15.983383 16.259131 14.152661 10.721322 8.185429 5.783147 5.160795 5.747671 8.717604 10.232044 9.052197 10.356918 12.481159 12.441400 15.328823 
3.805003 -1.000000 3.798913 6.377874 10.009056 12.387027 12.677154 10.975844 7.481216 5.926348 4.872139 6.314446 8.176629 11.352311 11.756160 9.403128 9.766019 10.823119 10.103710 12.437520 
6.456358 3.798913 -1.000000 3.787213 6.848208 9.903672 10.770337 9.226537 6.653550 5.216645 6.456834 7.272968 10.302203 12.695711 12.578471 9.480039 10.338021 10.462627 10.434604 12.407742 
9.831688 6.377874 3.787213 -1.000000 3.715978 6.185664 7.231936 6.623888 4.906029 5.824238 8.365050 10.221955 13.318191 15.838972 15.076594 11.534765 11.422654 10.320647 9.598767 10.472106 
13.251378 10.009056 6.848208 3.715978 -1.000000 3.773760 5.935339 6.424283 6.878059 8.292232 11.509526 13.057366 16.452272 18.555649 17.436070 13.664750 13.631147 11.744539 11.441091 11.557278 
15.983383 12.387027 9.903672 6.185664 3.773760 -1.000000 3.838931 6.567004 7.894796 10.586797 13.765004 15.964183 19.152094 21.548467 20.193508 16.383260 15.589916 13.177702 12.045748 10.977205 
16.259131 12.677154 10.770337 7.231936 5.935339 3.838931 -1.000000 3.851184 6.225406 9.531580 12.767042 15.411801 18.429276 20.822572 18.939698 15.161841 13.608926 10.709260 9.269723 7.564049 
14.152661 10.975844 9.226537 6.623888 6.424283 6.567004 3.851184 -1.000000 3.789901 6.458652 9.864104 12.350632 15.391135 17.507209 15.330589 11.568022 9.951954 6.933662 6.231144 5.729729 
10.721322 7.481216 6.653550 4.906029 6.878059 7.894796 6.225406 3.789901 -1.000000 3.784868 6.582930 9.549115 12.295808 14.902034 13.242636 9.686404 8.073536 6.284978 4.770870 5.820510 
8.185429 5.926348 5.216645 5.824238 8.292232 10.586797 9.531580 6.458652 3.784868 -1.000000 3.754221 5.936928 9.037641 11.300643 9.760836 6.154141 5.616757 5.280084 5.743542 8.455819 
5.783147 4.872139 6.456834 8.365050 11.509526 13.765004 12.767042 9.864104 6.582930 3.754221 -1.000000 3.738137 5.736315 8.699877 7.860250 5.400668 4.988449 6.854780 6.923713 10.216621 
5.160795 6.314446 7.272968 10.221955 13.057366 15.964183 15.411801 12.350632 9.549115 5.936928 3.738137 -1.000000 3.715441 5.637040 5.584625 3.938701 6.143742 8.737056 10.079825 13.524226 
5.747671 8.176629 10.302203 13.318191 16.452272 19.152094 18.429276 15.391135 12.295808 9.037641 5.736315 3.715441 -1.000000 3.804623 5.325334 6.144938 7.655602 11.014216 11.935277 15.488670 
8.717604 11.352311 12.695711 15.838972 18.555649 21.548467 20.822572 17.507209 14.902034 11.300643 8.699877 5.637040 3.804623 -1.000000 3.795047 6.458074 9.047161 12.475073 14.323877 17.991138 
10.232044 11.756160 12.578471 15.076594 17.436070 20.193508 18.939698 15.330589 13.242636 9.760836 7.860250 5.584625 5.325334 3.795047 -1.000000 3.898040 6.201649 9.516942 11.941591 15.593886 
9.052197 9.403128 9.480039 11.534765 13.664750 16.383260 15.161841 11.568022 9.686404 6.154141 5.400668 3.938701 6.144938 6.458074 3.898040 -1.000000 3.843752 6.403157 9.047130 12.573947 
10.356918 9.766019 10.338021 11.422654 13.631147 15.589916 13.608926 9.951954 8.073536 5.616757 4.988449 6.143742 7.655602 9.047161 6.201649 3.843752 -1.000000 3.707257 5.808480 9.421268 
12.481159 10.823119 10.462627 10.320647 11.744539 13.177702 10.709260 6.933662 6.284978 5.280084 6.854780 8.737056 11.014216 12.475073 9.516942 6.403157 3.707257 -1.000000 3.874721 6.781473 
12.441400 10.103710 10.434604 9.598767 11.441091 12.045748 9.269723 6.231144 4.770870 5.743542 6.923713 10.079825 11.935277 14.323877 11.941591 9.047130 5.808480 3.874721 -1.000000 3.687243 
15.328823 12.437520 12.407742 10.472106 11.557278 10.977205 7.564049 5.729729 5.820510 8.455819 10.216621 13.524226 15.488670 17.991138 15.593886 12.573947 9.421268 6.781473 3.687243 -1.000000 
